0.5367001189311021 0.4110077039919199 1.0
-0.585426895142026 0.44832291915018374 1.0
0.9832875335080313 0.753006636771203 1.0
-0.46812252227506446 0.3584906287152879 1.0
0.01728362186384147 0.013235886276809179 1.0
0.536882263238663 0.41114719103692904 1.0
0.5288365598622872 0.40498575012219584 1.0
0.05247734261977954 0.040187418152075605 1.0
-0.5783576921631348 0.4429092872486416 1.0
0.005492095042182621 0.004205874554096495 1.0
-1.9096913309514076 1.4624514166883786 1.0
-0.6518544135540667 0.49919345347909216 1.0
1.336676273195457 0.0 0.0
-0.7234414250566021 0.5540151540814677 1.0
0.5959518502374478 0.45638298374827396 1.0
-0.541816923004439 0.41492617879708127 1.0
0.5248429152847737 0.40192739661999677 1.0
0.13599213520651765 0.10414347469031363 1.0
1.0037764994365779 0.0 0.0
-0.2659652392521865 0.20367754444402456 1.0
-0.6157458356873812 0.4715413193358071 1.0
0.5479868116699251 0.4196511111845339 1.0
0.034081084028763864 0.02609946896251037 1.0
0.4695223101482771 0.3595625934485745 1.0
-0.6581917391656611 0.5040466099387145 1.0
-0.07181289914978006 0.05499468652128883 1.0
-0.3804523689700223 0.2913523756247372 1.0
-0.26934724119106135 0.2062674988762344 1.0
0.21466181583554955 0.1643891196391399 1.0
-0.5097147813056897 0.39034219402155346 1.0
-0.16399716236441853 0.12558986813498849 1.0
-0.2655352611973216 0.20334826504410772 1.0
1.0144742211698772 0.0 0.0
-0.12351358048951866 0.09458733348135352 1.0
0.4647322249717586 0.35589432165044704 1.0
0.3721074223820886 0.28496177272367446 1.0
0.1076982982786554 0.08247590924240042 1.0
0.5211422845733868 0.39909343463944363 1.0
0.37471019632004166 0.28695499035585725 1.0
0.45278319834947633 0.3467436957725478 1.0
