0.668758742111543 0.12892030227508386 1.0
1.0156680609915587 0.0 0.0
0.16092038329517555 0.03102150768322391 1.0
0.24062765617380588 0.04638711723113123 1.0
-1.5060341750496293 0.2903264942316386 1.0
1.2714558714829431 0.0 0.0
-0.5205136851274801 0.1003422869854015 1.0
0.0655136284959843 0.012629422625822093 1.0
0.5554323971058126 0.10707375921870559 1.0
0.5596527611674832 0.10788734201961755 1.0
-0.1432066321901091 0.027606730420379734 1.0
0.1923795457542895 0.03708606352102032 1.0
1.0584289010002537 0.0 0.0
-0.21500694927351915 0.041448072595008364 1.0
0.2330188030590391 0.044920316751745744 1.0
-0.41140284733862464 0.07930839044924122 1.0
1.5122949454471821 0.0 0.0
-1.195411866818869 0.2304461228079262 1.0
0.2488700691735879 0.04797605253544273 1.0
-2.6243198330969633 0.5059045734207809 1.0
-0.8444564644602076 0.1627905189136211 1.0
-0.16932637687549618 0.03264197731607784 1.0
1.1120515226288037 0.0 0.0
0.5054370253360557 0.09743587632455239 1.0
-0.8586965020796153 0.16553564931521575 1.0
-0.4506287518095866 0.08687018387782944 1.0
-0.40008416634051924 0.07712642603704725 1.0
0.8771992071525783 0.16910251757533226 1.0
-5.54866283681843e-05 1.0696462641917057e-05 1.0
0.26267831184661705 0.05063794344945745 1.0
1.0414132644942773 0.0 0.0
1.030793129070719 0.0 0.0
-0.11853325243779855 0.022850307250833694 1.0
0.3864234807337292 0.07449298051056093 1.0
-0.3557061483666215 0.06857143134120258 1.0
-0.8367373932429494 0.16130247108419046 1.0
-0.150356839068279 0.028985115141232178 1.0
0.009961217961463653 0.0019202787937622134 1.0
0.1371410631316261 0.026437437299782898 1.0
0.5090819568907694 0.09813852983502762 1.0
0.12529456928522387 0.019303264145700497 1.0
0.08405466841963105 0.012949719021658784 1.0
-0.5557217542051078 0.08561619130126431 1.0
-0.7001622502960818 0.1078691354255465 1.0
0.02701246751402231 0.0041616232740569305 1.0
0.7186357873630714 0.11071522498668078 1.0
2.524092460095181 0.0 0.0
1.0743755557482686 0.0 0.0
1.0577555624414943 0.0 0.0
1.2231429900104513 0.0 0.0
-0.613434170021808 0.09450754240571833 1.0
-1.0804222064128672 0.16645314604012654 1.0
1.6166501901733334 0.0 0.0
-1.1428010490770202 0.17606342112162793 1.0
0.6568471111120817 0.10119587274587552 1.0
-1.8665767517973517 0.28757051717178533 1.0
0.35058020963188175 0.05401145819316326 1.0
1.1229629688636078 0.0 0.0
0.2754862639428637 0.042442255492300865 1.0
-1.9002490630617803 0.2927581763212722 1.0
0.6969008174292207 0.10736666911370522 1.0
0.28288923987230397 0.043582780581660034 1.0
1.363970245833796 0.0 0.0
-0.2587209708511371 0.03985934321704512 1.0
1.4539420609486806 0.0 0.0
0.2190706113562877 0.03375068769296788 1.0
-0.20515507817653145 0.031606818136374316 1.0
-0.3895436384615074 0.06001428308023652 1.0
2.1834960343021765 0.0 0.0
-0.7282288924081071 0.1121931680588999 1.0
-0.6711475409175436 0.10339904065256653 1.0
-0.547035912831328 0.08427802404212278 1.0
0.23017567280757922 0.03546156738848391 1.0
1.009742595888972 0.0 0.0
-0.8889512873083096 0.1369545512584036 1.0
0.132140852319651 0.020358023426838474 1.0
-0.3137134236190928 0.048331648504142635 1.0
0.41291954434865463 0.06361564655958608 1.0
-0.07598883586162208 0.01170707221493402 1.0
1.2349961907877087 0.19026728632938827 1.0
