-1.8655159455236365 0.06004131596339693 1.0
-1.5918663132759407 0.05123394871870719 1.0
-0.3832850770220133 0.01233596553744496 1.0
2.620753064147738 0.0 0.0
-0.2692009437824927 0.008664186957004227 1.0
4.721338723336553 0.0 0.0
0.8885572809354185 0.02859806617265087 1.0
0.50989072509498 0.016410746960214266 1.0
1.739865482444339 0.0 0.0
-3.7514303215665867 0.1207391519715066 1.0
2.1818348368796903 0.0 0.0
0.10483940236332323 0.003374238476928761 1.0
-0.8844245966934343 0.02846505642757454 1.0
1.25016341825606 0.0 0.0
4.745844888651115 0.0 0.0
-1.5322488032591255 0.04931516921727236 1.0
2.343459593540312 0.0 0.0
1.76289134304026 0.0 0.0
-6.031114148458704 0.19411039131980154 1.0
-2.2219182376206836 0.07151206360360066 1.0
0.44897350950651305 0.014450136654237562 1.0
-1.6313924782671947 0.05250609167023533 1.0
1.7026876981776673 0.0 0.0
0.7698453121934081 0.024777341487354613 1.0
0.7583434538978395 0.02440715611866477 1.0
-0.00036501396844290657 1.174791299046351e-05 1.0
0.7302078844863829 0.023501617564091234 1.0
1.0620486515905507 0.0 0.0
-5.289324360623077 0.17023601215047282 1.0
-0.04520407188151454 0.0014548854268347142 1.0
-1.9214912101145503 0.06184287041030595 1.0
1.9811019760717237 0.0 0.0
0.8403741816255508 0.027047301250645625 1.0
-4.516590417794406 0.1453657005734819 1.0
3.2586674354240577 0.0 0.0
3.077920778452995 0.0 0.0
-1.2232193519169896 0.039369108464186564 1.0
-5.67919075184942 0.18278379617520799 1.0
0.9018836355562954 0.029026972647748166 1.0
1.814329385575701 0.05839388516748878 1.0
0.9391129028443774 0.0739432061093704 1.0
-1.0974525397685007 0.0864104402117896 1.0
0.9912426446627651 0.07804776077157384 1.0
0.3107433530599355 0.024467089881135724 1.0
-1.2647844298043238 0.0995856999660896 1.0
-0.6386267847802696 0.050283743127100114 1.0
-2.1622587324331057 0.17025039548475027 1.0
-0.8773337292765362 0.06907888132950901 1.0
0.08911853541484183 0.007016952075076398 1.0
-0.162702339021765 0.012810741447939266 1.0
0.7808567253230954 0.061482543374256814 1.0
0.7255681393659293 0.05712926988121459 1.0
-0.6811268421712431 0.05363008252229165 1.0
-3.7006420312305375 0.2913785292731984 1.0
0.04430746516656631 0.003488649787551768 1.0
2.180846859996273 0.0 0.0
0.18218302093539696 0.014344597572722459 1.0
0.36040252238643666 0.028377118357592605 1.0
0.616843108611242 0.048568555472977226 1.0
0.5216452795943749 0.04107293628721326 1.0
-0.21226878650007908 0.016713469257234003 1.0
1.5547772787005811 0.0 0.0
1.31565398469629 0.0 0.0
-3.7631849657705985 0.29630299052314346 1.0
-0.3430026869422469 0.027007102447235063 1.0
-0.7370564571360942 0.05803382890298539 1.0
-2.0115484301946043 0.15838387452920363 1.0
0.9032758475249811 0.07112149344861468 1.0
1.3586432489899083 0.0 0.0
-0.5209984937478878 0.041022010121668555 1.0
1.661972216481108 0.0 0.0
1.341281564248256 0.0 0.0
-1.3754690991018774 0.10830071100494097 1.0
0.4786183321744917 0.037685110998380345 1.0
1.5210609693723591 0.0 0.0
1.173303218764051 0.0 0.0
0.516642730879797 0.040679049152286414 1.0
1.1938634534545582 0.0 0.0
1.499463013416753 0.0 0.0
-0.6125665777969411 0.048231833020887425 1.0
-13.428049029255275 0.4177769233270695 1.0
0.6254252346394217 0.01945839114301024 1.0
1.583604599138603 0.0 0.0
1.0263050960767046 0.0 0.0
2.9804286229138715 0.0 0.0
-0.338875842169434 0.010543192568255576 1.0
1.513162180274326 0.0 0.0
-2.147151843962847 0.06680274173355412 1.0
3.3895503576858523 0.0 0.0
-1.0068445852198957 0.031325208313230005 1.0
-0.7132980950510976 0.022192314230925495 1.0
3.1556435994075738 0.0 0.0
-2.0209848535593213 0.06287740180059856 1.0
2.3452578941902518 0.0 0.0
1.3014242142409973 0.0 0.0
1.0731295586714498 0.0 0.0
13.072071751512912 0.0 0.0
0.5468118946150113 0.017012552640610582 1.0
0.9257164364170045 0.02880112843176324 1.0
-1.324461341730058 0.04120698272758048 1.0
1.0574134352696336 0.0 0.0
-0.823251349615127 0.025613208234326813 1.0
-1.207267079900424 0.0375608046393041 1.0
1.0745097125984748 0.0 0.0
1.477451548822016 0.0 0.0
0.7508037247392441 0.023359199051231162 1.0
-6.486556446253466 0.20181141647599693 1.0
1.5055969127483513 0.0 0.0
2.9705827208986015 0.0 0.0
-1.8419658557534948 0.05730771658739514 1.0
1.2402153340232451 0.0 0.0
5.193177932258802 0.0 0.0
-2.389235405468156 0.07433450791145557 1.0
-2.9600643931429538 0.0920942865432669 1.0
1.2880179319037433 0.0 0.0
0.7904286603371681 0.024592020263386957 1.0
2.613780559133108 0.0 0.0
3.2606417681844606 0.0 0.0
1.1127160169592853 0.0 0.0
0.907147714330867 0.028223413562956854 1.0
-2.962985265582554 0.2356576268092988 1.0
-0.8209783830965605 0.06529557189148985 1.0
-0.4194459022811452 0.0333601476371249 1.0
-0.02153047088870208 0.0017124012504060363 1.0
0.8559889425889975 0.0680800964920978 1.0
0.15396804146462317 0.012245671174100506 1.0
-1.341041918018652 0.1066582272692914 1.0
-1.232136341009012 0.09799654740118609 1.0
0.6131185219094407 0.04876367679054131 1.0
0.14808252567502578 0.011777573441845166 1.0
0.37510298598672065 0.029833384766877233 1.0
2.111039797203204 0.0 0.0
-3.9540124968728207 0.31447783835136917 1.0
0.690192216979995 0.05489364452299284 1.0
-0.2917483909842864 0.023203872878952998 1.0
0.4060644993966551 0.03229587314215267 1.0
-2.7114137503243763 0.2156491755533303 1.0
1.227453684115988 0.0 0.0
2.116694058845067 0.0 0.0
-2.3506999691646095 0.18696021965033613 1.0
-0.6196531571097217 0.049283401488888726 1.0
0.6445277720561077 0.05126177539244843 1.0
1.0900789982693748 0.0 0.0
0.4629884147072283 0.03682325130585938 1.0
0.3417918864700029 0.02718402476171545 1.0
1.8414448515451625 0.0 0.0
-0.5929795481046178 0.047161946661017334 1.0
-2.4891793228379324 0.19797401584696508 1.0
1.2048467550446538 0.0 0.0
-1.2772577372783456 0.1015852257812868 1.0
1.284700574586577 0.0 0.0
0.9288728109484654 0.07387683117376576 1.0
0.6074297472411447 0.048311226637192374 1.0
1.8514160583290784 0.0 0.0
2.3242523383023634 0.0 0.0
0.227453982619712 0.01809029102341697 1.0
1.597505020400404 0.0 0.0
0.6728153896246041 0.0535115985359227 1.0
0.888419017913233 0.07065938525094809 1.0
0.4949831281638446 0.0393679140590666 1.0
-2.797527422377393 0.06562166636600501 1.0
-0.7304376393162437 0.017133892838715716 1.0
0.3167414668187867 0.007429812016712201 1.0
-2.531594440881716 0.05938367018128982 1.0
2.590186568836507 0.0 0.0
-0.5613579822673351 0.013167787357357096 1.0
2.6056949070159545 0.0 0.0
3.4939772358064065 0.0 0.0
-2.188725390831741 0.05134098283187041 1.0
1.8509699584834154 0.0 0.0
3.1066492657654003 0.0 0.0
-1.0006536471518377 0.02347235607274976 1.0
-3.416360113210464 0.08013763931032551 1.0
0.28130634315690095 0.006598609489802814 1.0
-3.7633012900722473 0.08827584663388603 1.0
-0.2455657154625921 0.00576024074763892 1.0
1.3972401839676865 0.0 0.0
-3.0782293297948886 0.07220609759249084 1.0
-0.09043774191499132 0.002121400233423637 1.0
2.816336340510703 0.0 0.0
2.4243338506317036 0.0 0.0
1.1682616341265866 0.0 0.0
-1.8016966394352911 0.04226244033214897 1.0
-1.269097795405941 0.02976925675501973 1.0
1.3269783631194265 0.0 0.0
4.320619507708205 0.0 0.0
-2.7957019649012373 0.06557884656716857 1.0
-2.7083936302478033 0.06353085291328321 1.0
-0.6490116823536716 0.015223882256302997 1.0
4.87890144449219 0.0 0.0
2.092603374082943 0.0 0.0
-0.008025747448509701 0.00018826014615304511 1.0
1.2616638256565658 0.0 0.0
-3.6404151940122125 0.08539330459616777 1.0
-0.338803485460355 0.007947321305478084 1.0
3.54563917229546 0.0 0.0
-7.338511252785683 0.17213963059001292 1.0
-2.7609771295432832 0.06476430528966516 1.0
2.177146989642269 0.0 0.0
0.4856225442209027 0.011391259410638087 1.0
